# Environment: shelf
# Bin ID: B
# Objects: ["creativity_chenille_stems","i_am_a_bunny_book","kleenex_tissue_box","laugh_out_loud_joke_book"]

# Color camera intrinsic matrix
 6.15195190e+02	  0.00000000e+00	  2.98442688e+02	
 0.00000000e+00	  6.15195251e+02	  2.47519196e+02	
 0.00000000e+00	  0.00000000e+00	  1.00000000e+00	

# Depth camera intrinsic matrix
 4.77584259e+02	  0.00000000e+00	  3.14188080e+02	
 0.00000000e+00	  4.77584167e+02	  2.45884354e+02	
 0.00000000e+00	  0.00000000e+00	  1.00000000e+00	

# Depth-to-color camera extrinsic matrix
 9.99997556e-01	  1.12038769e-03	 -1.88242714e-03	  2.57000010e-02	
-1.10958668e-03	  9.99982953e-01	  5.72911976e-03	 -7.33263500e-04	
 1.88881392e-03	 -5.72701730e-03	  9.99981821e-01	  4.27287677e-03	
 0.00000000e+00	  0.00000000e+00	  0.00000000e+00	  1.00000000e+00	

# Bin-to-world transformation matrix
 9.99874572e-01	 -1.58379443e-02	  0.00000000e+00	  1.47328990e+00	
 1.58379443e-02	  9.99874572e-01	  0.00000000e+00	 -6.44825452e-03	
 0.00000000e+00	  0.00000000e+00	  1.00000000e+00	  1.03730530e+00	
 0.00000000e+00	  0.00000000e+00	  0.00000000e+00	  1.00000000e+00	

# Camera-to-world extrinsic matrix (camera pose) for frame-000000
 4.35946526e-01	  3.73733732e-05	  8.99972569e-01	  1.17166368e+00	
-8.99972541e-01	 -2.35527389e-04	  4.35946522e-01	 -1.63230649e-01	
 2.28260982e-04	 -9.99999972e-01	 -6.90423375e-05	  1.15679915e+00	
 0.00000000e+00	  0.00000000e+00	  0.00000000e+00	  1.00000000e+00	

# Camera-to-world extrinsic matrix (camera pose) for frame-000001
 2.32077070e-01	  9.95129943e-06	  9.72697401e-01	  1.14566766e+00	
-9.72696947e-01	 -9.64014128e-04	  2.32076971e-01	 -8.92647248e-02	
 9.40003504e-04	 -9.99999535e-01	 -2.14045975e-04	  1.15633759e+00	
 0.00000000e+00	  0.00000000e+00	  0.00000000e+00	  1.00000000e+00	

# Camera-to-world extrinsic matrix (camera pose) for frame-000002
 1.53726476e-02	 -1.71137230e-03	  9.99880369e-01	  1.13649187e+00	
-9.99881770e-01	 -3.84685960e-04	  1.53720107e-02	 -1.22663450e-02	
 3.58332706e-04	 -9.99998462e-01	 -1.71708361e-03	  1.15502093e+00	
 0.00000000e+00	  0.00000000e+00	  0.00000000e+00	  1.00000000e+00	

# Camera-to-world extrinsic matrix (camera pose) for frame-000003
-2.02105583e-01	 -6.13757470e-04	  9.79363547e-01	  1.14335351e+00	
-9.79362592e-01	 -1.40398068e-03	 -2.02106266e-01	  6.49973186e-02	
 1.49905173e-03	 -9.99998826e-01	 -3.17338773e-04	  1.15597752e+00	
 0.00000000e+00	  0.00000000e+00	  0.00000000e+00	  1.00000000e+00	

# Camera-to-world extrinsic matrix (camera pose) for frame-000004
-4.08931418e-01	 -1.07051348e-03	  9.12564490e-01	  1.16781534e+00	
-9.12565109e-01	  3.38506118e-04	 -4.08931299e-01	  1.39271616e-01	
 1.28857803e-04	 -9.99999370e-01	 -1.11533903e-03	  1.15525260e+00	
 0.00000000e+00	  0.00000000e+00	  0.00000000e+00	  1.00000000e+00	

# Camera-to-world extrinsic matrix (camera pose) for frame-000005
-4.09141298e-01	 -1.60080291e-01	  8.98319374e-01	  1.17267698e+00	
-9.12468212e-01	  6.93268067e-02	 -4.03231393e-01	  1.37168165e-01	
 2.27178536e-03	 -9.84666489e-01	 -1.74432637e-01	  1.21742936e+00	
 0.00000000e+00	  0.00000000e+00	  0.00000000e+00	  1.00000000e+00	

# Camera-to-world extrinsic matrix (camera pose) for frame-000006
-2.01617508e-01	 -1.70584325e-01	  9.64495396e-01	  1.14899282e+00	
-9.79464102e-01	  3.57904687e-02	 -1.98416518e-01	  6.42329659e-02	
-6.72994461e-04	 -9.84692861e-01	 -1.74297208e-01	  1.21838674e+00	
 0.00000000e+00	  0.00000000e+00	  0.00000000e+00	  1.00000000e+00	

# Camera-to-world extrinsic matrix (camera pose) for frame-000007
 1.62858052e-02	 -1.73531591e-01	  9.84693637e-01	  1.14220022e+00	
-9.99866775e-01	 -3.90777305e-03	  1.58480901e-02	 -1.13265838e-02	
 1.09781497e-03	 -9.84820550e-01	 -1.73572114e-01	  1.21843008e+00	
 0.00000000e+00	  0.00000000e+00	  0.00000000e+00	  1.00000000e+00	

# Camera-to-world extrinsic matrix (camera pose) for frame-000008
 2.32467868e-01	 -1.67981400e-01	  9.57987964e-01	  1.15049211e+00	
-9.72604076e-01	 -4.01892161e-02	  2.28967548e-01	 -8.73480890e-02	
 3.84959881e-05	 -9.84970597e-01	 -1.72722096e-01	  1.21989622e+00	
 0.00000000e+00	  0.00000000e+00	  0.00000000e+00	  1.00000000e+00	

# Camera-to-world extrinsic matrix (camera pose) for frame-000009
 4.37503635e-01	 -1.55718683e-01	  8.85630996e-01	  1.17651872e+00	
-8.99216639e-01	 -7.58412928e-02	  4.30879954e-01	 -1.59573303e-01	
 7.13408917e-05	 -9.84885674e-01	 -1.73205672e-01	  1.21919407e+00	
 0.00000000e+00	  0.00000000e+00	  0.00000000e+00	  1.00000000e+00	

# Camera-to-world extrinsic matrix (camera pose) for frame-000010
 4.36817301e-01	 -3.08691497e-01	  8.44926154e-01	  1.19171207e+00	
-8.99549546e-01	 -1.48727100e-01	  4.10719934e-01	 -1.53355789e-01	
-1.12233434e-03	 -9.39462511e-01	 -3.42649866e-01	  1.27817403e+00	
 0.00000000e+00	  0.00000000e+00	  0.00000000e+00	  1.00000000e+00	

# Camera-to-world extrinsic matrix (camera pose) for frame-000011
 2.31771055e-01	 -3.32260810e-01	  9.14267429e-01	  1.16697345e+00	
-9.72770361e-01	 -7.91045216e-02	  2.17853851e-01	 -8.40689998e-02	
-6.16093137e-05	 -9.39864474e-01	 -3.41547607e-01	  1.27893275e+00	
 0.00000000e+00	  0.00000000e+00	  0.00000000e+00	  1.00000000e+00	

# Camera-to-world extrinsic matrix (camera pose) for frame-000012
 1.56123268e-02	 -3.42605021e-01	  9.39349804e-01	  1.15820572e+00	
-9.99878107e-01	 -5.19669758e-03	  1.47229595e-02	 -1.13215035e-02	
-1.62642986e-04	 -9.39465164e-01	 -3.42644393e-01	  1.27859912e+00	
 0.00000000e+00	  0.00000000e+00	  0.00000000e+00	  1.00000000e+00	

# Camera-to-world extrinsic matrix (camera pose) for frame-000013
-2.01304797e-01	 -3.35027864e-01	  9.20452448e-01	  1.16474898e+00	
-9.79527975e-01	  6.99560264e-02	 -1.88762019e-01	  6.16719046e-02	
-1.15065993e-03	 -9.39607623e-01	 -3.42251649e-01	  1.27909965e+00	
 0.00000000e+00	  0.00000000e+00	  0.00000000e+00	  1.00000000e+00	

# Camera-to-world extrinsic matrix (camera pose) for frame-000014
-4.08026181e-01	 -3.11864392e-01	  8.58053167e-01	  1.18650572e+00	
-9.12970203e-01	  1.39160983e-01	 -3.83561768e-01	  1.31465255e-01	
 2.11735735e-04	 -9.39880217e-01	 -3.41504221e-01	  1.27962559e+00	
 0.00000000e+00	  0.00000000e+00	  0.00000000e+00	  1.00000000e+00	
