,Results (copy-paste from webpage),,,,
,"Instructions to Annotators: 
If the object is not in the scene, skip this page. 
If the object is a water bottle or black pencil cup, skip this page. 
If there are multiple copies of the same object on this page, label one of them. 
Label the other one on the next page. 
If the shape does not exactly match the scene, or if there is missing depth, try your best guess fit and try to match the object’s center of mass. Please be as accurate as possible. 
Put notes if there are some issues in Note. 
Put an abbreviation of your name in Annotators.","Note
Terminology:
pointcloud (A set of 3d points)
target (The object pointcloud in the shelf bin or the red tote)
template (The object pointcloud that is used to fit the target pointcloud)
ambiguous (When there are multiple ways to fit the template to target)
","Annotators 
L: yifei.leng@gmail.com, 
P: peterkty@gmail.com 
Z: yenhsi.ann.liu@gmail.com
C: kuanpanpan@gmail.com, 
yc: r94228001@gmail.com,
A: andy.zeng.workhorse@gmail.com, 
shuran: songshulove@gmail.com,
E: ed.s.walker@gmail.com",Score board,
http://visiongpu2.cs.princeton.edu:8010/ots0000_creativity_chenille_stems_1.html,"ots0000:creativity_chenille_stems:[1.00000000,0.00000000,0.00000000,0.00000000,0.00000000,0.09747198,-0.99523824,0.00000000,0.00000000,0.99523824,0.09747198,0.00000000,0.04913583,0.06209556,0.09132390,1.00000000]",,L,P,6
http://visiongpu2.cs.princeton.edu:8010/ots0000_kleenex_tissue_box_1.html,"ots0000:kleenex_tissue_box:[-0.12206189,0.06687545,-0.99026692,0.00000000,0.99041975,-0.05670366,-0.12591010,0.00000000,-0.06457207,-0.99614877,-0.05931341,0.00000000,-0.05397752,0.11012781,-0.05392877,1.00000000]",,L,L,118
http://visiongpu2.cs.princeton.edu:8010/ots0001_dasani_water_bottle_1.html,"ots0001:dasani_water_bottle:[0.06341305,0.99798739,0.00000000,0.00000000,-0.99798739,0.06341305,0.00000000,0.00000000,0.00000000,0.00000000,1.00000000,0.00000000,0.13165849,0.15000001,0.08606308,1.00000000]",,,Z,666
http://visiongpu2.cs.princeton.edu:8010/ots0001_elmers_washable_no_run_school_glue_1.html,"ots0001:elmers_washable_no_run_school_glue:[0.24648936,0.96914548,0.00000000,0.00000000,-0.96914548,0.24648936,0.00000000,0.00000000,0.00000000,0.00000000,1.00000000,0.00000000,-0.11673349,0.12086711,0.09113570,1.00000000]",,L,C,839
http://visiongpu2.cs.princeton.edu:8010/ots0001_elmers_washable_no_run_school_glue_2.html,"ots0001:elmers_washable_no_run_school_glue:[0.06159643,0.99759537,0.03177130,0.00000000,0.99503946,-0.05888502,-0.08018151,0.00000000,-0.07811785,0.03655259,-0.99627382,0.00000000,-0.10363482,0.12549685,0.12696925,1.00000000]",,L,yc,59
http://visiongpu2.cs.princeton.edu:8010/ots0001_scotch_bubble_mailer_1.html,"ots0001:scotch_bubble_mailer:[0.99549919,-0.04065376,-0.08560774,0.00000000,-0.02175609,-0.97722739,0.21107663,0.00000000,-0.09223929,-0.20826413,-0.97371352,0.00000000,0.00000000,0.15489082,-0.12797563,1.00000000]",,L,MIT Total ,1688
http://visiongpu2.cs.princeton.edu:8010/ots0001_scotch_bubble_mailer_2.html,"ots0001:scotch_bubble_mailer:[0.99638832,-0.01251115,-0.08398675,0.00000000,0.00908320,-0.96770674,0.25191504,0.00000000,-0.08442629,-0.25176805,-0.96409804,0.00000000,0.00000000,0.17180446,-0.11656222,1.00000000]",,L,,
http://visiongpu2.cs.princeton.edu:8010/ots0001_up_glucose_bottle_1.html,"ots0001:up_glucose_bottle:[-0.03378012,0.99696761,-0.07010295,0.00000000,-0.68364555,0.02811578,0.72927243,0.00000000,0.72903198,0.07256050,0.68062276,0.00000000,0.13329728,0.12391257,-0.03041557,1.00000000]",,L,shuran,62
http://visiongpu2.cs.princeton.edu:8010/ots0001_womens_knit_gloves_1.html,"ots0001:womens_knit_gloves:[0.99845922,0.05394375,-0.01300887,0.00000000,-0.00778592,-0.09592503,-0.99535811,0.00000000,-0.05494122,0.99392581,-0.09535723,0.00000000,-0.05008377,0.06704287,0.00216463,1.00000000]",,L,ln,407
http://visiongpu2.cs.princeton.edu:8010/ots0002_cherokee_easy_tee_shirt_1.html,"ots0002:cherokee_easy_tee_shirt:[-0.15580033,0.11061855,0.98157519,0.00000000,-0.98134243,0.09600618,-0.16658279,0.00000000,-0.11266444,-0.98921502,0.09359688,0.00000000,-0.08204506,0.06863027,0.04834193,1.00000000]",,L,A,10
http://visiongpu2.cs.princeton.edu:8010/ots0002_folgers_classic_roast_coffee_1.html,"ots0002:folgers_classic_roast_coffee:[-0.03187893,-0.99197185,0.12237467,0.00000000,-0.80090064,-0.04789551,-0.59687871,0.00000000,0.59794807,-0.11703780,-0.79294401,0.00000000,0.14553498,0.10629187,-0.07635984,1.00000000]",,L,E,3
http://visiongpu2.cs.princeton.edu:8010/ots0002_i_am_a_bunny_book_1.html,"ots0002:i_am_a_bunny_book:[0.03503755,-0.97727281,0.20906994,0.00000000,-0.99798608,-0.02314529,0.05906021,0.00000000,-0.05287895,-0.21071821,-0.97611558,0.00000000,-0.07065333,0.16800000,-0.09508068,1.00000000]",,L,Princeton Total,479
http://visiongpu2.cs.princeton.edu:8010/ots0002_kyjen_squeakin_eggs_plush_puppies_1.html,"ots0002:kyjen_squeakin_eggs_plush_puppies:[-0.04843460,-0.02656084,-0.99847311,0.00000000,-0.99744648,-0.05124108,0.04974790,0.00000000,-0.05248420,0.99833304,-0.02401116,0.00000000,0.14482272,0.08696696,0.10557456,1.00000000]",,L,,
http://visiongpu2.cs.princeton.edu:8010/ots0003_command_hooks_1.html,"ots0003:command_hooks:[0.11998840,0.00981722,0.99272674,0.00000000,-0.99220359,0.03511569,0.11957791,0.00000000,-0.03368637,-0.99933505,0.01395415,0.00000000,0.15486404,0.05076623,0.03738671,1.00000000]",,L,,
http://visiongpu2.cs.princeton.edu:8010/ots0003_easter_turtle_sippy_cup_1.html,"ots0003:easter_turtle_sippy_cup:[0.14867134,0.98837417,0.03183277,0.00000000,-0.96646845,0.15204109,-0.20693545,0.00000000,-0.20936956,0.00000000,0.97783661,0.00000000,-0.07060301,0.10487706,-0.03265235,1.00000000]",object is different from the scene,L,,
http://visiongpu2.cs.princeton.edu:8010/ots0003_jane_eyre_dvd_1.html,"ots0003:jane_eyre_dvd:[0.99999875,0.00156863,0.00000002,0.00000000,0.00002191,-0.01398177,0.99990225,0.00000000,0.00156848,-0.99990106,-0.01398178,0.00000000,-0.04225576,0.05692686,0.08406304,1.00000000]",,L,,
http://visiongpu2.cs.princeton.edu:8010/ots0003_laugh_out_loud_joke_book_1.html,"ots0003:laugh_out_loud_joke_book:[0.12838776,0.97187573,-0.19741888,0.00000000,0.99165791,-0.12810922,0.01423638,0.00000000,-0.01145519,-0.19759977,-0.98021585,0.00000000,-0.08936596,0.13215896,-0.12567343,1.00000000]",,L,,
http://visiongpu2.cs.princeton.edu:8010/ots0004_oral_b_toothbrush_red_1.html,"ots0004:oral_b_toothbrush_red:[-0.98970169,0.06412913,-0.12797697,0.00000000,0.07071231,0.99636167,-0.04757329,0.00000000,0.12446051,-0.05613291,-0.99063551,0.00000000,-0.04865322,0.04377633,0.09876178,1.00000000]",,L,,
http://visiongpu2.cs.princeton.edu:8010/ots0004_rolodex_jumbo_pencil_cup_1.html,"ots0004:rolodex_jumbo_pencil_cup:[-0.05233501,0.99862957,0.00000000,0.00000000,-0.99862957,-0.05233501,0.00000000,0.00000000,0.00000000,0.00000000,1.00000000,0.00000000,-0.09487265,0.12056234,-0.02651822,1.00000000]",,,,
http://visiongpu2.cs.princeton.edu:8010/ots0004_scotch_duct_tape_1.html,"ots0004:scotch_duct_tape:[-0.43736449,0.11542097,0.89184660,0.00000000,0.89818782,0.00710745,0.43955445,0.00000000,0.04439504,0.99329126,-0.10677826,0.00000000,0.12686178,0.06976055,0.00000000,1.00000000]",,L,,
http://visiongpu2.cs.princeton.edu:8010/ots0005_barkely_hide_bones_1.html,"ots0005:barkely_hide_bones:[0.96764100,-0.24178000,-0.07220381,0.00000000,0.07404744,-0.00146489,0.99725366,0.00000000,-0.24122176,-0.97033000,0.01648570,0.00000000,-0.04608442,0.04634501,0.06425535,1.00000000]",,L,,
http://visiongpu2.cs.princeton.edu:8010/ots0005_platinum_pets_dog_bowl_1.html,"ots0005:platinum_pets_dog_bowl:[-0.89466405,0.13582417,0.42559129,0.00000000,-0.42336690,0.04632717,-0.90477306,0.00000000,-0.14260648,-0.98964924,0.01605623,0.00000000,-0.04533569,0.05240081,-0.05466441,1.00000000]",,L,,
http://visiongpu2.cs.princeton.edu:8010/ots0006_cool_shot_glue_sticks_1.html,"ots0006:cool_shot_glue_sticks:[0.99906045,0.04333844,-0.00000001,0.00000000,-0.00161355,0.03719663,0.99930668,0.00000000,0.04330839,-0.99836779,0.03723161,0.00000000,-0.07803328,0.05557691,0.01329018,1.00000000]",,L,,
http://visiongpu2.cs.princeton.edu:8010/ots0006_crayola_24_ct_1.html,"ots0006:crayola_24_ct:[0.98903900,0.03174252,0.14420196,0.00000000,-0.03106376,0.99949318,-0.00695667,0.00000000,-0.14434971,0.00240097,0.98952383,0.00000000,-0.10078633,0.08827936,0.09496620,1.00000000]",,L,,
http://visiongpu2.cs.princeton.edu:8010/ots0006_dove_beauty_bar_1.html,"ots0006:dove_beauty_bar:[-0.99748951,0.07080784,-0.00097649,0.00000000,0.07080173,0.99747640,0.00529157,0.00000000,0.00134871,0.00520915,-0.99998552,0.00000000,-0.10740460,0.08533641,0.12410374,1.00000000]",,L,,
http://visiongpu2.cs.princeton.edu:8010/ots0006_fiskars_scissors_red_1.html,n/a,point cloud too unclear,,,
http://visiongpu2.cs.princeton.edu:8010/ots0006_fitness_gear_3lb_dumbbell_1.html,"ots0006:fitness_gear_3lb_dumbbell:[0.99856991,-0.05276911,0.00857920,0.00000000,-0.05256291,-0.93974793,0.33780310,0.00000000,-0.00976328,-0.33777094,-0.94117767,0.00000000,-0.08014344,0.07896857,-0.07437377,1.00000000]",,L,,
http://visiongpu2.cs.princeton.edu:8010/ots0006_oral_b_toothbrush_green_1.html,"ots0006:oral_b_toothbrush_green:[0.01463469,0.04737686,0.99876988,0.00000000,-0.87274325,-0.48685902,0.03588231,0.00000000,0.48796013,-0.87219477,0.03422282,0.00000000,0.19839159,0.05140948,0.02572581,1.00000000]",,L,,
http://visiongpu2.cs.princeton.edu:8010/ots0006_rawlings_baseball_1.html,"ots0006:rawlings_baseball:[0.20476583,-0.87431979,-0.44004068,0.00000000,0.97805727,0.20040472,0.05693767,0.00000000,0.03840449,-0.44204387,0.89617091,0.00000000,0.05301561,0.07961561,0.01233274,1.00000000]",,L,,
http://visiongpu2.cs.princeton.edu:8010/ots0006_staples_index_cards_1.html,"ots0006:staples_index_cards:[1.00000000,0.00000000,0.00000000,0.00000000,0.00000000,-0.02812994,0.99960428,0.00000000,0.00000000,-0.99960428,-0.02812994,0.00000000,0.06145345,0.04722437,0.10875610,1.00000000]",,P,,
http://visiongpu2.cs.princeton.edu:8010/ots0006_staples_index_cards_2.html,"ots0006:staples_index_cards:[1.00000000,0.00000000,0.00000000,0.00000000,0.00000000,-0.02781432,0.99961311,0.00000000,0.00000000,-0.99961311,-0.02781432,0.00000000,0.12483051,0.05583040,-0.10486969,1.00000000]",,P,,
http://visiongpu2.cs.princeton.edu:8010/ots0007_creativity_chenille_stems_1.html,"ots0007:creativity_chenille_stems:[1.00000000,0.00000000,0.00000000,0.00000000,0.00000000,-0.97865289,-0.20551993,0.00000000,0.00000000,0.20551993,-0.97865289,0.00000000,0.00000000,0.08940272,0.13821024,1.00000000]",,P,,
http://visiongpu2.cs.princeton.edu:8010/ots0007_dasani_water_bottle_1.html,"ots0007:dasani_water_bottle:[-0.99660808,0.05407378,0.06203541,0.00000000,-0.05396933,-0.99853694,0.00335940,0.00000000,0.06212630,0.00000000,0.99806827,0.00000000,0.10481938,0.08054737,-0.06897826,1.00000000]",,,,
http://visiongpu2.cs.princeton.edu:8010/ots0007_safety_first_outlet_plugs_1.html,n/a,target not in the scene,,,
http://visiongpu2.cs.princeton.edu:8010/ots0007_soft_white_lightbulb_1.html,"ots0007:soft_white_lightbulb:[0.03079893,0.99923921,0.02392693,0.00000000,0.00581449,-0.02411701,0.99969226,0.00000000,0.99950868,-0.03065034,-0.00655285,0.00000000,0.09852982,0.10100557,0.00490118,1.00000000]",,L,,
http://visiongpu2.cs.princeton.edu:8010/ots0007_woods_extension_cord_1.html,"ots0007:woods_extension_cord:[-0.99551994,0.06498611,0.06867932,0.00000000,0.04639658,-0.29715362,0.95370173,0.00000000,0.08238568,0.95261562,0.29280725,0.00000000,0.09388771,0.05283195,0.05969831,1.00000000]",,L,,
http://visiongpu2.cs.princeton.edu:8010/ots0008_cloud_b_plush_bear_1.html,"ots0008:cloud_b_plush_bear:[0.97769421,-0.01108725,-0.20974058,0.00000000,0.21000856,0.03624161,0.97702760,0.00000000,-0.00323121,-0.99928153,0.03776163,0.00000000,-0.04776311,0.08041586,-0.08096685,1.00000000]",,L,,
http://visiongpu2.cs.princeton.edu:8010/ots0008_peva_shower_curtain_liner_1.html,"ots0008:peva_shower_curtain_liner:[0.99166143,0.10892341,-0.06887139,0.00000000,-0.05877918,-0.09329811,-0.99390161,0.00000000,-0.11468472,0.98966211,-0.08611771,0.00000000,0.03823463,0.05263792,0.04254361,1.00000000]",,L,,
http://visiongpu2.cs.princeton.edu:8010/ots0009_clorox_utility_brush_1.html,"ots0009:clorox_utility_brush:[-0.01221175,-0.03129580,-0.99943554,0.00000000,0.23554341,-0.97147346,0.02754219,0.00000000,-0.97178710,-0.23507413,0.01923493,0.00000000,-0.11232360,0.08070790,-0.05720711,1.00000000]",,L,,
http://visiongpu2.cs.princeton.edu:8010/ots0009_hanes_tube_socks_1.html,"ots0009:hanes_tube_socks:[-0.99645394,-0.05581805,0.06295936,0.00000000,0.06186907,0.02105208,0.99786222,0.00000000,-0.05702415,0.99821895,-0.01752400,0.00000000,0.10182529,0.07437471,-0.04899532,1.00000000]",,L,,
http://visiongpu2.cs.princeton.edu:8010/ots0009_scotch_duct_tape_1.html,"ots0009:scotch_duct_tape:[-0.96832913,0.16906530,-0.18372715,0.00000000,0.18555994,-0.00503289,-0.98262006,0.00000000,-0.16705163,-0.98559201,-0.02649825,0.00000000,-0.02060210,0.06401398,0.09811203,1.00000000]",,L,,
http://visiongpu2.cs.princeton.edu:8010/ots0010_dr_browns_bottle_brush_1.html,"ots0010:dr_browns_bottle_brush:[0.99810344,-0.03122068,-0.05305507,0.00000000,-0.05372282,-0.02095224,-0.99833602,0.00000000,0.03005711,0.99929285,-0.02258977,0.00000000,-0.00295066,0.07826964,0.08376003,1.00000000]",,L,,
http://visiongpu2.cs.princeton.edu:8010/ots0010_expo_dry_erase_board_eraser_1.html,"ots0010:expo_dry_erase_board_eraser:[-0.99599040,0.04081339,0.07960799,0.00000000,-0.07708699,0.06001240,-0.99521661,0.00000000,-0.04539562,-0.99736291,-0.05662559,0.00000000,-0.08273528,0.07802723,-0.08391921,1.00000000]",,,,
http://visiongpu2.cs.princeton.edu:8010/ots0010_expo_dry_erase_board_eraser_2.html,"ots0010:expo_dry_erase_board_eraser:[0.99244189,-0.00000000,-0.12271536,0.00000000,0.12223304,-0.08857384,0.98854125,0.00000000,-0.01086937,-0.99606961,-0.08790439,0.00000000,-0.07719871,0.06926244,-0.03414644,1.00000000]",,,,
http://visiongpu2.cs.princeton.edu:8010/ots0010_ticonderoga_12_pencils_1.html,"ots0010:ticonderoga_12_pencils:[0.99940526,-0.03448342,0.00000001,0.00000000,0.00116174,0.03366994,0.99943233,0.00000000,-0.03446385,-0.99883795,0.03368998,0.00000000,0.17013313,0.05879405,-0.08810649,1.00000000]",,L,,
http://visiongpu2.cs.princeton.edu:8010/ots0011_cool_shot_glue_sticks_1.html,"ots0011:cool_shot_glue_sticks:[0.98205346,-0.08921263,-0.16616879,0.00000000,0.16709355,0.00294680,0.98593664,0.00000000,-0.08746833,-0.99600822,0.01780077,0.00000000,-0.08643974,0.06334986,0.03113858,1.00000000]",,L,,
http://visiongpu2.cs.princeton.edu:8010/ots0011_elmers_washable_no_run_school_glue_1.html,"ots0011:elmers_washable_no_run_school_glue:[0.02036813,0.99979031,0.00211890,0.00000000,-0.99442381,0.02047805,-0.10345014,0.00000000,-0.10347185,0.00000000,0.99463236,0.00000000,0.07944335,0.11009664,0.05892780,1.00000000]",,L,,
http://visiongpu2.cs.princeton.edu:8010/ots0011_scotch_bubble_mailer_1.html,"ots0011:scotch_bubble_mailer:[0.99999714,0.00219850,0.00094357,0.00000000,0.00199975,-0.98460621,0.17477608,0.00000000,0.00131329,-0.17477369,-0.98460776,0.00000000,-0.02067986,0.16645278,-0.11599204,1.00000000]",,L,,
http://visiongpu2.cs.princeton.edu:8010/ots0011_soft_white_lightbulb_1.html,"ots0011:soft_white_lightbulb:[0.00530882,0.99976218,-0.02115097,0.00000000,0.96587598,-0.01060380,-0.25878790,0.00000000,-0.25895062,-0.01905535,-0.96570259,0.00000000,-0.08684973,0.10621877,-0.04553747,1.00000000]",,L,,
http://visiongpu2.cs.princeton.edu:8010/ots0012_command_hooks_1.html,"ots0012:command_hooks:[0.04364811,0.96299350,-0.26596683,0.00000000,0.99393487,-0.06875487,-0.08582696,0.00000000,-0.10093733,-0.26060754,-0.96015382,0.00000000,0.07149918,0.12432743,-0.12171510,1.00000000]",,L,,
http://visiongpu2.cs.princeton.edu:8010/ots0012_i_am_a_bunny_book_1.html,"ots0012:i_am_a_bunny_book:[-0.02034959,-0.99397171,-0.10773181,0.00000000,-0.99830401,0.01432244,0.05642683,0.00000000,-0.05454369,0.10869736,-0.99257743,0.00000000,0.11796711,0.14390582,0.12558728,1.00000000]",,L,,
http://visiongpu2.cs.princeton.edu:8010/ots0012_laugh_out_loud_joke_book_1.html,"ots0012:laugh_out_loud_joke_book:[0.11143597,0.98629087,-0.12170614,0.00000000,0.99371988,-0.11184114,0.00351885,0.00000000,-0.01014114,-0.12133394,-0.99255997,0.00000000,-0.08861079,0.14535189,-0.11662203,1.00000000]",,P,,
http://visiongpu2.cs.princeton.edu:8010/ots0012_platinum_pets_dog_bowl_1.html,"ots0012:platinum_pets_dog_bowl:[0.99469507,-0.10286760,0.00000000,0.00000000,0.00085724,0.00828923,0.99996525,0.00000000,-0.10286403,-0.99466050,0.00833344,0.00000000,0.04749603,0.03257816,0.00377497,1.00000000]",object pointcloud is poor,P,,
http://visiongpu2.cs.princeton.edu:8010/ots0012_safety_first_outlet_plugs_1.html,"ots0012:safety_first_outlet_plugs:[0.99249142,-0.00000000,-0.12231434,0.00000000,0.12230527,0.01218459,0.99241775,0.00000000,0.00149035,-0.99992579,0.01209310,0.00000000,-0.07399184,0.06459000,0.08707255,1.00000000]",,P,,
http://visiongpu2.cs.princeton.edu:8010/ots0013_creativity_chenille_stems_1.html,"ots0013:creativity_chenille_stems:[0.99903530,-0.04171576,-0.01372051,0.00000000,-0.04343319,-0.98474348,-0.16850485,0.00000000,-0.00648188,0.16893822,-0.98560536,0.00000000,0.10684516,0.08022615,0.11853800,1.00000000]",,L,,
http://visiongpu2.cs.princeton.edu:8010/ots0013_dasani_water_bottle_1.html,"ots0013:dasani_water_bottle:[-0.05361593,0.99856162,0.00000000,0.00000000,-0.99856162,-0.05361593,0.00000000,0.00000000,0.00000000,0.00000000,1.00000000,0.00000000,0.02657761,0.15000001,0.03233517,1.00000000]",,,,
http://visiongpu2.cs.princeton.edu:8010/ots0013_hanes_tube_socks_1.html,"ots0013:hanes_tube_socks:[0.99992424,-0.01200808,0.00269503,0.00000000,-0.01211622,-0.99893445,0.04453246,0.00000000,0.00215741,-0.04456174,-0.99900430,0.00000000,0.13337456,0.17334589,-0.07557736,1.00000000]",ambiguous object orientation,L,,
http://visiongpu2.cs.princeton.edu:8010/ots0013_jane_eyre_dvd_1.html,"ots0013:jane_eyre_dvd:[-0.00712790,0.99992275,-0.01018335,0.00000000,-0.99483097,-0.00605930,0.10136377,0.00000000,0.10129423,0.01085322,0.99479729,0.00000000,-0.05902144,0.15185323,-0.11147322,1.00000000]",,L,,
http://visiongpu2.cs.princeton.edu:8010/ots0013_kyjen_squeakin_eggs_plush_puppies_1.html,"ots0013:kyjen_squeakin_eggs_plush_puppies:[0.97549903,-0.22000362,0.00000000,0.00000000,-0.12467887,-0.55282778,0.82391542,0.00000000,-0.18126439,-0.80372870,-0.56671280,0.00000000,-0.10170326,0.10743997,-0.04921055,1.00000000]",object color different,L,,
http://visiongpu2.cs.princeton.edu:8010/ots0013_oral_b_toothbrush_green_1.html,"ots0013:oral_b_toothbrush_green:[0.90726930,0.00069241,0.42054963,0.00000000,0.01046514,0.99965179,-0.02422275,0.00000000,-0.42041996,0.02637767,0.90694612,0.00000000,-0.06276593,0.07341602,0.04766877,1.00000000]",,L,,
http://visiongpu2.cs.princeton.edu:8010/ots0013_rawlings_baseball_1.html,"ots0013:rawlings_baseball:[-0.66059458,-0.08912338,0.74543399,0.00000000,0.74665272,0.02551093,0.66472471,0.00000000,-0.07825923,0.99569386,0.04969181,0.00000000,-0.11643519,0.09169575,0.10552830,1.00000000]",,L,,
http://visiongpu2.cs.princeton.edu:8010/ots0013_scotch_duct_tape_1.html,"ots0013:scotch_duct_tape:[0.92804468,0.37190053,0.02056776,0.00000000,-0.37246883,0.92662871,0.05124670,0.00000000,0.00000000,-0.05522008,0.99847418,0.00000000,0.11767774,0.10394506,0.07551783,1.00000000]",,L,,
http://visiongpu2.cs.princeton.edu:8010/ots0013_up_glucose_bottle_1.html,"ots0013:up_glucose_bottle:[0.00656822,0.99995792,0.00640847,0.00000000,-0.34428719,0.00827815,-0.93882787,0.00000000,-0.93884140,0.00396008,0.34432706,0.00000000,0.06569663,0.13112560,-0.02184347,1.00000000]",point cloud unclear,z,,
http://visiongpu2.cs.princeton.edu:8010/ots0014_barkely_hide_bones_1.html,"ots0014:barkely_hide_bones:[-0.99433553,-0.02650972,0.10292763,0.00000000,0.10342077,-0.01795298,0.99447566,0.00000000,-0.02451541,0.99948734,0.02059295,0.00000000,0.08424179,0.05822437,-0.08112060,1.00000000]",point cloud unclear,z,,
http://visiongpu2.cs.princeton.edu:8010/ots0014_dasani_water_bottle_1.html,"ots0014:dasani_water_bottle:[0.04799194,0.99884772,0.00000000,0.00000000,-0.99884772,0.04799194,0.00000000,0.00000000,0.00000000,0.00000000,1.00000000,0.00000000,-0.12967604,0.14109083,0.09603081,1.00000000]",,z,,
http://visiongpu2.cs.princeton.edu:8010/ots0014_dove_beauty_bar_1.html,"ots0014:dove_beauty_bar:[0.03228031,-0.99947888,0.00000000,0.00000000,0.99947888,0.03228031,0.00000000,0.00000000,0.00000000,0.00000000,1.00000000,0.00000000,-0.03333078,0.09881300,-0.02283579,1.00000000]",point cloud unclear,z,,
http://visiongpu2.cs.princeton.edu:8010/ots0014_folgers_classic_roast_coffee_1.html,"ots0014:folgers_classic_roast_coffee:[-0.02361795,-0.99955243,0.01836033,0.00000000,0.61665177,-0.00011019,0.78723603,0.00000000,-0.78688169,0.02991483,0.61637843,0.00000000,0.00000000,0.10744099,0.07105989,1.00000000]",,z,,
http://visiongpu2.cs.princeton.edu:8010/ots0014_kleenex_tissue_box_1.html,"ots0014:kleenex_tissue_box:[0.05551923,-0.07353290,0.99574620,0.00000000,-0.06473738,-0.99545109,-0.06990158,0.00000000,0.99635673,-0.06058112,-0.06002701,0.00000000,0.11334952,0.09939776,0.02940289,1.00000000]",point cloud unclear,z,,
http://visiongpu2.cs.princeton.edu:8010/ots0014_scotch_duct_tape_1.html,"ots0014:scotch_duct_tape:[-0.98028076,0.06338831,0.18716705,0.00000000,-0.18822721,-0.01113431,-0.98206240,0.00000000,-0.06016730,-0.99792683,0.02284618,0.00000000,-0.13591686,0.06797984,0.00482186,1.00000000]",,z,,
http://visiongpu2.cs.princeton.edu:8010/ots0014_staples_index_cards_1.html,"ots0014:staples_index_cards:[0.98745257,-0.12635566,-0.09471904,0.00000000,0.09168231,-0.02964935,0.99534678,0.00000000,-0.12857607,-0.99154180,-0.01769275,0.00000000,-0.12164090,0.05139562,-0.09022022,1.00000000]",,z,,
http://visiongpu2.cs.princeton.edu:8010/ots0015_easter_turtle_sippy_cup_1.html,"ots0015:easter_turtle_sippy_cup:[-0.02468919,0.99597603,0.08615200,0.00000000,-0.05253110,-0.08735171,0.99479151,0.00000000,0.99831402,0.02003496,0.05447638,0.00000000,-0.12390620,0.10734894,-0.04893583,1.00000000]",object orientation does not match,z,,
http://visiongpu2.cs.princeton.edu:8010/ots0015_fitness_gear_3lb_dumbbell_1.html,"ots0015:fitness_gear_3lb_dumbbell:[0.01073826,0.99994236,0.00000000,0.00000000,-0.99994236,0.01073826,0.00000000,0.00000000,0.00000000,0.00000000,1.00000000,0.00000000,0.03539236,0.10284072,-0.01022861,1.00000000]",,z,,
http://visiongpu2.cs.princeton.edu:8010/ots0015_kleenex_paper_towels_1.html,"ots0015:kleenex_paper_towels:[-0.99854541,0.05358901,0.00593973,0.00000000,0.04132372,0.83141810,-0.55410856,0.00000000,-0.03463253,-0.55305713,-0.83242321,0.00000000,0.04292599,0.08727732,0.09749915,1.00000000]",,z,,
http://visiongpu2.cs.princeton.edu:8010/ots0016_creativity_chenille_stems_1.html,"ots0016:creativity_chenille_stems:[0.72105229,-0.05647412,-0.69057530,0.00000000,-0.67798567,0.14804006,-0.72001356,0.00000000,0.14289494,0.98736763,0.06845598,0.00000000,-0.00450782,0.05302966,-0.01895041,1.00000000]","template and point cloud color variance, template does not bend like point cloud image",z,,
http://visiongpu2.cs.princeton.edu:8010/ots0016_fiskars_scissors_red_1.html,"ots0016:fiskars_scissors_red:[0.91288567,0.37491965,-0.16147748,0.00000000,-0.36436477,0.92672122,0.09179369,0.00000000,0.18405986,-0.02496045,0.98259807,0.00000000,-0.07960751,0.07376743,-0.11794250,1.00000000]",,z,,
http://visiongpu2.cs.princeton.edu:8010/ots0017_elmers_washable_no_run_school_glue_1.html,"ots0017:elmers_washable_no_run_school_glue:[0.03738867,0.99929857,-0.00210438,0.00000000,-0.99771947,0.03744784,0.05615560,0.00000000,0.05619502,0.00000000,0.99841982,0.00000000,0.04650246,0.11866698,0.10289172,1.00000000]",,z,,
http://visiongpu2.cs.princeton.edu:8010/ots0017_scotch_bubble_mailer_1.html,"ots0017:scotch_bubble_mailer:[0.99985236,0.00000000,-0.01718340,0.00000000,-0.01717838,-0.02415362,-0.99956065,0.00000000,-0.00041504,0.99970824,-0.02415006,0.00000000,-0.00434043,0.04716067,-0.01969851,1.00000000]",,z,,
http://visiongpu2.cs.princeton.edu:8010/ots0017_woods_extension_cord_1.html,"ots0017:woods_extension_cord:[-0.99941230,-0.00453523,0.03397769,0.00000000,0.00730076,0.94030595,0.34025207,0.00000000,-0.03349254,0.34030017,-0.93972021,0.00000000,-0.08305604,0.08680598,0.13928317,1.00000000]",,z,,
http://visiongpu2.cs.princeton.edu:8010/ots0018_cherokee_easy_tee_shirt_1.html,"ots0018:cherokee_easy_tee_shirt:[-0.99695432,0.07797978,-0.00113929,0.00000000,0.00395489,0.03596184,-0.99934536,0.00000000,-0.07788776,-0.99630612,-0.03616072,0.00000000,-0.06596459,0.06972763,-0.04545193,1.00000000]",template and point cloud image folded differently,z,,
http://visiongpu2.cs.princeton.edu:8010/ots0018_clorox_utility_brush_1.html,"ots0018:clorox_utility_brush:[0.99848592,0.00000000,0.05500771,0.00000000,-0.00305578,-0.99845582,0.05546769,0.00000000,0.05492277,-0.05555180,-0.99694407,0.00000000,-0.01994197,0.08107383,0.08704276,1.00000000]",,z,,
http://visiongpu2.cs.princeton.edu:8010/ots0019_cloud_b_plush_bear_1.html,"ots0019:cloud_b_plush_bear:[-0.13291383,-0.22449343,-0.96536863,0.00000000,0.99049902,0.00459718,-0.13744290,0.00000000,0.03529299,-0.97446477,0.22174951,0.00000000,-0.00687340,0.06933265,0.06888114,1.00000000]",template does not bend legs like point cloud image,z,,
http://visiongpu2.cs.princeton.edu:8010/ots0019_crayola_24_ct_1.html,"ots0019:crayola_24_ct:[0.07410473,0.99725050,0.00000005,0.00000000,0.04665485,-0.00346698,0.99890512,0.00000000,0.99615860,-0.07402363,-0.04678353,0.00000000,0.03096926,0.08511095,-0.04855822,1.00000000]",,z,,
http://visiongpu2.cs.princeton.edu:8010/ots0019_expo_dry_erase_board_eraser_1.html,"ots0019:expo_dry_erase_board_eraser:[-0.02344660,-0.00781937,-0.99969453,0.00000000,0.99969620,-0.00778466,-0.02338576,0.00000000,-0.00759943,-0.99993914,0.00799953,0.00000000,-0.13044530,0.07101108,0.06146868,1.00000000]",,z,,
http://visiongpu2.cs.princeton.edu:8010/ots0019_rolodex_jumbo_pencil_cup_1.html,"ots0019:rolodex_jumbo_pencil_cup:[0.11199353,0.99370897,0.00000000,0.00000000,-0.99370897,0.11199353,0.00000000,0.00000000,0.00000000,0.00000000,1.00000000,0.00000000,-0.11873907,0.10909627,-0.05744339,1.00000000]",,z,,
http://visiongpu2.cs.princeton.edu:8010/ots0020_dr_browns_bottle_brush_1.html,"ots0020:dr_browns_bottle_brush:[0.97379130,-0.11989684,-0.19327503,0.00000000,-0.19772004,-0.02624301,-0.97990716,0.00000000,0.11241566,0.99243945,-0.04926123,0.00000000,0.00199268,0.05679902,0.03294813,1.00000000]",,z,,
http://visiongpu2.cs.princeton.edu:8010/ots0020_staples_index_cards_1.html,"ots0020:staples_index_cards:[0.99647051,-0.06727676,-0.05020294,0.00000000,0.04514378,-0.07471868,0.99618232,0.00000000,-0.07077102,-0.99493265,-0.07141784,0.00000000,-0.08296005,0.05725219,-0.08652104,1.00000000]",,z,,
http://visiongpu2.cs.princeton.edu:8010/ots0021_expo_dry_erase_board_eraser_1.html,"ots0021:expo_dry_erase_board_eraser:[-0.99590731,0.04227916,0.07988223,0.00000000,-0.07623502,0.08179660,-0.99372911,0.00000000,-0.04854812,-0.99575186,-0.07823870,0.00000000,0.09316690,0.06845112,-0.09672058,1.00000000]",,z,,
http://visiongpu2.cs.princeton.edu:8010/ots0021_oral_b_toothbrush_red_1.html,"ots0021:oral_b_toothbrush_red:[0.99923992,0.00448780,-0.03872197,0.00000000,-0.00000000,0.99335074,0.11512747,0.00000000,0.03898117,-0.11503997,0.99259573,0.00000000,-0.07084429,0.05864635,-0.05422577,1.00000000]",,z,,
http://visiongpu2.cs.princeton.edu:8010/ots0021_peva_shower_curtain_liner_1.html,"ots0021:peva_shower_curtain_liner:[-0.99987888,-0.00852403,0.01302244,0.00000000,-0.01309790,0.00885738,-0.99987501,0.00000000,0.00840762,-0.99992448,-0.00896797,0.00000000,0.08593152,0.06057044,0.04019490,1.00000000]",,z,,
http://visiongpu2.cs.princeton.edu:8010/ots0021_womens_knit_gloves_1.html,"ots0021:womens_knit_gloves:[-0.15728003,-0.13511005,-0.97826803,0.00000000,0.98704946,0.01015535,-0.16009441,0.00000000,0.03156504,-0.99077857,0.13176306,0.00000000,-0.10289901,0.07062177,0.06834491,1.00000000]",template and point cloud image differ,z,,
http://visiongpu2.cs.princeton.edu:8010/ots0022_creativity_chenille_stems_1.html,"ots0022:creativity_chenille_stems:[0.99836594,-0.01456790,0.05525555,0.00000000,0.05567665,0.03028723,-0.99798936,0.00000000,0.01286507,0.99943507,0.03104883,0.00000000,-0.00374920,0.03895876,0.06309698,1.00000000]",template and point cloud color variance,z,,
http://visiongpu2.cs.princeton.edu:8010/ots0022_kleenex_tissue_box_1.html,"ots0022:kleenex_tissue_box:[0.14593308,0.04658193,0.98819715,0.00000000,-0.98074740,0.13783209,0.13833575,0.00000000,-0.12976132,-0.98935962,0.06579938,0.00000000,-0.07704840,0.09338509,-0.07372941,1.00000000]",,z,,
http://visiongpu2.cs.princeton.edu:8010/ots0023_dasani_water_bottle_1.html,n/a,,z,,
http://visiongpu2.cs.princeton.edu:8010/ots0023_elmers_washable_no_run_school_glue_1.html,"ots0023:elmers_washable_no_run_school_glue:[0.99624920,-0.08430918,-0.01948100,0.00000000,0.02208097,0.03001673,0.99930549,0.00000000,-0.08366587,-0.99598742,0.03176577,0.00000000,-0.03843272,0.04165895,0.07594160,1.00000000]",,z,,
http://visiongpu2.cs.princeton.edu:8010/ots0023_elmers_washable_no_run_school_glue_2.html,"ots0023:elmers_washable_no_run_school_glue:[0.07254542,0.99689174,0.03072452,0.00000000,0.97878617,-0.06524191,-0.19421929,0.00000000,-0.19161108,0.04416245,-0.98047680,0.00000000,-0.06059111,0.10073500,0.12607330,1.00000000]",,z,,
http://visiongpu2.cs.princeton.edu:8010/ots0023_scotch_bubble_mailer_1.html,"ots0023:scotch_bubble_mailer:[1.00000000,0.00000000,0.00000000,0.00000000,0.00000000,0.98902559,-0.14774413,0.00000000,0.00000000,0.14774413,0.98902559,0.00000000,-0.01200896,0.14402679,-0.13046646,1.00000000]",,z,,
http://visiongpu2.cs.princeton.edu:8010/ots0023_scotch_bubble_mailer_2.html,"ots0023:scotch_bubble_mailer:[0.99772525,0.00119657,-0.06740122,0.00000000,-0.01244855,0.98591721,-0.16677023,0.00000000,0.06625247,0.16722992,0.98368937,0.00000000,-0.00290710,0.13741733,-0.12524758,1.00000000]",,z,,
http://visiongpu2.cs.princeton.edu:8010/ots0023_womens_knit_gloves_1.html,"ots0023:womens_knit_gloves:[0.97046310,-0.08844157,-0.22445379,0.00000000,0.21544608,-0.10092920,0.97128594,0.00000000,-0.10855599,-0.99095482,-0.07889368,0.00000000,-0.02788042,0.01657221,-0.01188002,1.00000000]",template and point cloud image orientation differ,z,,
http://visiongpu2.cs.princeton.edu:8010/ots0024_cherokee_easy_tee_shirt_1.html,"ots0024:cherokee_easy_tee_shirt:[0.04779131,-0.13666837,-0.98946339,0.00000000,-0.99878114,0.00569817,-0.04902841,0.00000000,0.01233876,0.99060047,-0.13622946,0.00000000,-0.07019644,0.05752575,0.07637127,1.00000000]",template does not match point cloud image,z,,
http://visiongpu2.cs.princeton.edu:8010/ots0024_folgers_classic_roast_coffee_1.html,"ots0024:folgers_classic_roast_coffee:[-0.04340968,-0.99689192,0.06574295,0.00000000,-0.66889709,-0.01987804,-0.74308914,0.00000000,0.74208641,-0.07623254,-0.66595519,0.00000000,0.14052887,0.08059774,-0.05082997,1.00000000]",,z,,
http://visiongpu2.cs.princeton.edu:8010/ots0024_i_am_a_bunny_book_1.html,"ots0024:i_am_a_bunny_book:[0.03850802,0.96107036,-0.27360719,0.00000000,-0.99840409,0.04832388,0.02922469,0.00000000,0.04130875,0.27204517,0.96139741,0.00000000,-0.04607815,0.11983143,-0.08815950,1.00000000]",,z,,
http://visiongpu2.cs.princeton.edu:8010/ots0024_kyjen_squeakin_eggs_plush_puppies_1.html,"ots0024:kyjen_squeakin_eggs_plush_puppies:[-0.60799271,-0.78018242,-0.14717382,0.00000000,0.35907897,-0.10488462,-0.92739499,0.00000000,0.70810103,-0.61669648,0.34391624,0.00000000,0.12482681,0.05297350,0.06231005,1.00000000]",template does not match point cloud image,z,,
http://visiongpu2.cs.princeton.edu:8010/ots0025_jane_eyre_dvd_1.html,"ots0025:jane_eyre_dvd:[-0.99784625,0.04786105,0.04485701,0.00000000,-0.04614890,-0.02623728,-0.99858993,0.00000000,-0.04661664,-0.99850935,0.02838952,0.00000000,-0.03109167,0.02954198,0.07171273,1.00000000]",,z,,
http://visiongpu2.cs.princeton.edu:8010/ots0025_safety_first_outlet_plugs_1.html,"ots0025:safety_first_outlet_plugs:[0.08319233,-0.00294874,0.99652916,0.00000000,-0.99487787,0.05737398,0.08322427,0.00000000,-0.05742027,-0.99834841,0.00183942,0.00000000,0.14865761,0.02844677,0.04470923,1.00000000]",point cloud unclear,z,,
http://visiongpu2.cs.princeton.edu:8010/ots0026_oral_b_toothbrush_red_1.html,"ots0026:oral_b_toothbrush_red:[-0.99914283,0.03602038,0.02040106,0.00000000,0.03599194,0.99935055,-0.00175972,0.00000000,-0.02045120,-0.00102394,-0.99979037,0.00000000,-0.02434098,0.03116710,0.07086488,1.00000000]",point cloud too fuzzy,z,,
http://visiongpu2.cs.princeton.edu:8010/ots0026_rolodex_jumbo_pencil_cup_1.html,n/a,,z,,
http://visiongpu2.cs.princeton.edu:8010/ots0026_scotch_duct_tape_1.html,"ots0026:scotch_duct_tape:[1.00000000,0.00000000,0.00000000,0.00000000,0.00000000,1.00000000,0.00000000,0.00000000,0.00000000,0.00000000,1.00000000,0.00000000,0.00000000,0.15000001,0.00000000,1.00000000]",object cannot be found,z,,
http://visiongpu2.cs.princeton.edu:8010/ots0027_barkely_hide_bones_1.html,"ots0027:barkely_hide_bones:[0.99621743,-0.07333680,0.04661072,0.00000000,-0.04662523,0.00151493,0.99891132,0.00000000,-0.07332757,-0.99730611,-0.00191015,0.00000000,-0.04698226,0.03971257,0.05346056,1.00000000]",,z,,
http://visiongpu2.cs.princeton.edu:8010/ots0027_platinum_pets_dog_bowl_1.html,"ots0027:platinum_pets_dog_bowl:[0.84506249,-0.00000000,-0.53466749,0.00000000,0.53453761,-0.02203955,0.84485728,0.00000000,-0.01178382,-0.99975711,-0.01862480,0.00000000,0.00941157,0.03225214,-0.05632611,1.00000000]",,z,,
http://visiongpu2.cs.princeton.edu:8010/ots0028_cool_shot_glue_sticks_1.html,"ots0028:cool_shot_glue_sticks:[0.98881763,-0.03270358,-0.14549984,0.00000000,0.14566788,0.00280297,0.98932958,0.00000000,-0.03194679,-0.99946117,0.00753549,0.00000000,-0.05058111,0.03251338,-0.00409590,1.00000000]",,z,,
http://visiongpu2.cs.princeton.edu:8010/ots0028_crayola_24_ct_1.html,"ots0028:crayola_24_ct:[0.99978465,0.01497430,0.01436861,0.00000000,-0.01497584,0.99988788,-0.00000000,0.00000000,-0.01436700,-0.00021518,0.99989676,0.00000000,-0.07678438,0.05985656,0.13420631,1.00000000]",,z,,
http://visiongpu2.cs.princeton.edu:8010/ots0028_oral_b_toothbrush_green_1.html,"ots0028:oral_b_toothbrush_green:[-0.06312910,0.01233692,0.99792910,0.00000000,-0.99745113,-0.03409960,-0.06267732,0.00000000,0.03325576,-0.99934226,0.01445817,0.00000000,0.19204508,0.01603922,0.01123846,1.00000000]",point cloud very unclear,z,,
http://visiongpu2.cs.princeton.edu:8010/ots0028_rawlings_baseball_1.html,"ots0028:rawlings_baseball:[-0.52345681,-0.07542538,-0.84870726,0.00000000,-0.20778844,0.97730136,0.04130394,0.00000000,0.82632738,0.19797239,-0.52724761,0.00000000,0.06301434,0.05681880,-0.01000126,1.00000000]",,z,,
http://visiongpu2.cs.princeton.edu:8010/ots0028_staples_index_cards_1.html,"ots0028:staples_index_cards:[0.98984438,0.10649353,-0.09416597,0.00000000,0.09861116,-0.03726441,0.99442810,0.00000000,0.10239111,-0.99361485,-0.04738742,0.00000000,0.00000000,0.01840901,-0.09799028,1.00000000]",,z,,
http://visiongpu2.cs.princeton.edu:8010/ots0028_staples_index_cards_2.html,"ots0028:staples_index_cards:[0.97174484,-0.02807986,0.23435755,0.00000000,-0.23575157,-0.06692762,0.96950603,0.00000000,-0.01153860,-0.99736261,-0.07165644,0.00000000,0.08743739,0.02361394,0.09451070,1.00000000]",point cloud unclear,z,,
http://visiongpu2.cs.princeton.edu:8010/ots0029_command_hooks_1.html,"ots0029:command_hooks:[1.00000000,0.00000000,0.00000000,0.00000000,0.00000000,-0.05381446,0.99855095,0.00000000,0.00000000,-0.99855095,-0.05381446,0.00000000,-0.01574085,0.04453646,-0.00486956,1.00000000]",,z,,
http://visiongpu2.cs.princeton.edu:8010/ots0029_creativity_chenille_stems_1.html,"ots0029:creativity_chenille_stems:[0.99951142,-0.03087033,-0.00488800,0.00000000,-0.00604475,-0.03749005,-0.99927872,0.00000000,0.03066481,0.99882007,-0.03765834,0.00000000,0.00000000,0.04198047,0.08470170,1.00000000]",,z,,
http://visiongpu2.cs.princeton.edu:8010/ots0029_dasani_water_bottle_1.html,n/a,,z,,
http://visiongpu2.cs.princeton.edu:8010/ots0029_soft_white_lightbulb_1.html,"ots0029:soft_white_lightbulb:[-0.20158426,-0.97902721,-0.02948788,0.00000000,-0.01525596,0.03324065,-0.99933094,0.00000000,0.97935236,-0.20099951,-0.02163681,0.00000000,0.12760200,0.07004997,-0.02775785,1.00000000]",,z,,
http://visiongpu2.cs.princeton.edu:8010/ots0029_woods_extension_cord_1.html,"ots0029:woods_extension_cord:[0.99720603,-0.03931536,-0.06351727,0.00000000,0.03692582,-0.47970697,0.87665141,0.00000000,-0.06493554,-0.87654752,-0.47691491,0.00000000,0.14253829,0.03070533,0.03319089,1.00000000]",point cloud unclear,z,,
http://visiongpu2.cs.princeton.edu:8010/ots0030_clorox_utility_brush_1.html,"ots0030:clorox_utility_brush:[0.06070725,0.05788074,-0.99647599,0.00000000,-0.06742899,-0.99579895,-0.06194932,0.00000000,-0.99587548,0.07095215,-0.05654934,0.00000000,-0.12601584,0.07337312,0.01476233,1.00000000]",,z,,
http://visiongpu2.cs.princeton.edu:8010/ots0030_fitness_gear_3lb_dumbbell_1.html,"ots0030:fitness_gear_3lb_dumbbell:[0.74431235,0.50473607,-0.43731067,0.00000000,0.46338549,0.08121350,0.88242751,0.00000000,0.48090851,-0.85944510,-0.17343916,0.00000000,-0.02164408,0.08304910,-0.08852019,1.00000000]",,z,,
http://visiongpu2.cs.princeton.edu:8010/ots0030_hanes_tube_socks_1.html,"ots0030:hanes_tube_socks:[1.00000000,0.00000000,0.00000000,0.00000000,0.00000000,0.01089247,0.99994069,0.00000000,0.00000000,-0.99994069,0.01089247,0.00000000,0.12567207,0.04679794,-0.04915319,1.00000000]",,z,,
http://visiongpu2.cs.princeton.edu:8010/ots0030_scotch_duct_tape_1.html,"ots0030:scotch_duct_tape:[0.77370358,-0.13893265,-0.61812663,0.00000000,-0.62644607,-0.02209090,-0.77915168,0.00000000,0.09459464,0.99005544,-0.10412562,0.00000000,-0.02646567,0.04795298,0.10206480,1.00000000]",,z,,
http://visiongpu2.cs.princeton.edu:8010/ots0031_dr_browns_bottle_brush_1.html,"ots0031:dr_browns_bottle_brush:[0.75590515,0.06154582,-0.65178180,0.00000000,0.64355081,-0.25265229,0.72250205,0.00000000,-0.12020718,-0.96559769,-0.23058903,0.00000000,0.00035461,0.06496476,0.00472277,1.00000000]",,L,,
http://visiongpu2.cs.princeton.edu:8010/ots0031_expo_dry_erase_board_eraser_1.html,"ots0031:expo_dry_erase_board_eraser:[-0.99914140,0.04135644,0.00247709,0.00000000,0.00000000,-0.05978894,0.99821103,0.00000000,0.04143056,0.99735397,0.05973760,0.00000000,-0.07522957,0.05458029,-0.03486875,1.00000000]",,L,,
http://visiongpu2.cs.princeton.edu:8010/ots0031_expo_dry_erase_board_eraser_2.html,"ots0031:expo_dry_erase_board_eraser:[1.00000000,0.00000000,0.00000000,0.00000000,0.00000000,0.04347536,0.99905449,0.00000000,0.00000000,-0.99905449,0.04347536,0.00000000,-0.06291459,0.05817532,-0.09356341,1.00000000]",,L,,
http://visiongpu2.cs.princeton.edu:8010/ots0032_scotch_bubble_mailer_1.html,"ots0032:scotch_bubble_mailer:[0.99961495,0.00034071,-0.02774673,0.00000000,-0.00704112,0.97031265,-0.24175145,0.00000000,0.02684064,0.24185373,0.96994144,0.00000000,0.01058183,0.13422157,-0.11140036,1.00000000]",,L,,
http://visiongpu2.cs.princeton.edu:8010/ots0032_scotch_duct_tape_1.html,"ots0032:scotch_duct_tape:[0.73185176,-0.06214224,0.67862463,0.00000000,-0.67780554,0.03666862,0.73432624,0.00000000,-0.07051691,-0.99739349,-0.01528437,0.00000000,-0.08799317,0.05365425,0.04804348,1.00000000]",,L,,
http://visiongpu2.cs.princeton.edu:8010/ots0032_soft_white_lightbulb_1.html,"ots0032:soft_white_lightbulb:[-0.10664443,-0.99392730,0.02712028,0.00000000,-0.98855865,0.10306320,-0.11013547,0.00000000,0.10667155,-0.03855532,-0.99354655,0.00000000,0.01991914,0.07621510,0.01258046,1.00000000]",,L,,
