# Camera-to-world extrinsic matrix (camera pose) for frame-000000
 5.11204701e-01	  9.49832860e-03	  8.59406502e-01	  1.17095525e+00	
-8.59093774e-01	 -2.35004899e-02	  5.11278411e-01	 -4.82298523e-01	
 2.50527640e-02	 -9.99678703e-01	 -3.85360618e-03	  1.13814115e+00	
 0.00000000e+00	  0.00000000e+00	  0.00000000e+00	  1.00000000e+00	

# Camera-to-world extrinsic matrix (camera pose) for frame-000001
 3.07340231e-01	  2.82544111e-03	  9.51595502e-01	  1.13604000e+00	
-9.51488860e-01	 -1.43496495e-02	  3.07348395e-01	 -4.09867835e-01	
 1.45234566e-02	 -9.99893047e-01	 -1.72184912e-03	  1.14302887e+00	
 0.00000000e+00	  0.00000000e+00	  0.00000000e+00	  1.00000000e+00	

# Camera-to-world extrinsic matrix (camera pose) for frame-000002
 5.88451564e-02	  5.42260892e-03	  9.98252394e-01	  1.11749885e+00	
-9.98266933e-01	  9.34826154e-04	  5.88409353e-02	 -3.12688032e-01	
-6.14121084e-04	 -9.99984861e-01	  5.46822089e-03	  1.14599938e+00	
 0.00000000e+00	  0.00000000e+00	  0.00000000e+00	  1.00000000e+00	

# Camera-to-world extrinsic matrix (camera pose) for frame-000003
-1.74135476e-01	  9.40447972e-03	  9.84676795e-01	  1.12141559e+00	
-9.84602702e-01	  1.38825842e-02	 -1.74254964e-01	 -2.24365752e-01	
-1.53086358e-02	 -9.99859405e-01	  6.84222546e-03	  1.15136077e+00	
 0.00000000e+00	  0.00000000e+00	  0.00000000e+00	  1.00000000e+00	

# Camera-to-world extrinsic matrix (camera pose) for frame-000004
-3.97030116e-01	 -1.55163350e-02	  9.17674414e-01	  1.14605926e+00	
-9.17556864e-01	  2.99859669e-02	 -3.96472246e-01	 -1.39927845e-01	
-2.13655584e-02	 -9.99429880e-01	 -2.61424519e-02	  1.16460426e+00	
 0.00000000e+00	  0.00000000e+00	  0.00000000e+00	  1.00000000e+00	

# Camera-to-world extrinsic matrix (camera pose) for frame-000005
-3.82535265e-01	 -1.59532521e-01	  9.10063814e-01	  1.14684054e+00	
-9.23587858e-01	  9.32515320e-02	 -3.71873124e-01	 -1.50822824e-01	
-2.55389879e-02	 -9.82778473e-01	 -1.83014299e-01	  1.21782473e+00	
 0.00000000e+00	  0.00000000e+00	  0.00000000e+00	  1.00000000e+00	

# Camera-to-world extrinsic matrix (camera pose) for frame-000006
-1.83946437e-01	 -1.78797967e-01	  9.66537633e-01	  1.12441025e+00	
-9.82883836e-01	  4.36148016e-02	 -1.78989142e-01	 -2.19296714e-01	
-1.01524524e-02	 -9.82918631e-01	 -1.83760420e-01	  1.22020873e+00	
 0.00000000e+00	  0.00000000e+00	  0.00000000e+00	  1.00000000e+00	

# Camera-to-world extrinsic matrix (camera pose) for frame-000007
 5.63815208e-02	 -1.73883991e-01	  9.83150793e-01	  1.11986648e+00	
-9.98409266e-01	 -1.00628151e-02	  5.54768106e-02	 -3.11170564e-01	
 2.46735393e-04	 -9.84714729e-01	 -1.74174745e-01	  1.21125525e+00	
 0.00000000e+00	  0.00000000e+00	  0.00000000e+00	  1.00000000e+00	

# Camera-to-world extrinsic matrix (camera pose) for frame-000008
 2.62085265e-01	 -1.72919986e-01	  9.49426138e-01	  1.13323508e+00	
-9.64961826e-01	 -5.98519567e-02	  2.55472929e-01	 -3.81725644e-01	
 1.26486368e-02	 -9.83115671e-01	 -1.82547502e-01	  1.21014203e+00	
 0.00000000e+00	  0.00000000e+00	  0.00000000e+00	  1.00000000e+00	

# Camera-to-world extrinsic matrix (camera pose) for frame-000009
 4.71414951e-01	 -1.62603497e-01	  8.66791813e-01	  1.16450948e+00	
-8.81784862e-01	 -1.03562645e-01	  4.60141539e-01	 -4.58224094e-01	
 1.49466297e-02	 -9.81241500e-01	 -1.92202281e-01	  1.21080254e+00	
 0.00000000e+00	  0.00000000e+00	  0.00000000e+00	  1.00000000e+00	

# Camera-to-world extrinsic matrix (camera pose) for frame-000010
 4.64530950e-01	 -3.07795097e-01	  8.30345214e-01	  1.17315709e+00	
-8.85476282e-01	 -1.74094117e-01	  4.30839868e-01	 -4.46004762e-01	
 1.19478177e-02	 -9.35389447e-01	 -3.53417364e-01	  1.26757921e+00	
 0.00000000e+00	  0.00000000e+00	  0.00000000e+00	  1.00000000e+00	

# Camera-to-world extrinsic matrix (camera pose) for frame-000011
 2.59275718e-01	 -3.37423132e-01	  9.04942944e-01	  1.14529532e+00	
-9.65772822e-01	 -9.80296510e-02	  2.40152124e-01	 -3.76006723e-01	
 7.67835891e-03	 -9.36234916e-01	 -3.51290799e-01	  1.27260739e+00	
 0.00000000e+00	  0.00000000e+00	  0.00000000e+00	  1.00000000e+00	

# Camera-to-world extrinsic matrix (camera pose) for frame-000012
 5.45752358e-02	 -3.50595582e-01	  9.34935442e-01	  1.13484870e+00	
-9.98502751e-01	 -1.56787510e-02	  5.24064229e-02	 -3.08858386e-01	
-3.71484034e-03	 -9.36395704e-01	 -3.50926325e-01	  1.27554130e+00	
 0.00000000e+00	  0.00000000e+00	  0.00000000e+00	  1.00000000e+00	

# Camera-to-world extrinsic matrix (camera pose) for frame-000013
-1.63607071e-01	 -3.35162925e-01	  9.27846183e-01	  1.13580416e+00	
-9.86433381e-01	  6.84372087e-02	 -1.49216394e-01	 -2.34079892e-01	
-1.34873999e-02	 -9.39671305e-01	 -3.41812709e-01	  1.27676743e+00	
 0.00000000e+00	  0.00000000e+00	  0.00000000e+00	  1.00000000e+00	

# Camera-to-world extrinsic matrix (camera pose) for frame-000014
-3.79447582e-01	 -3.09169137e-01	  8.72028656e-01	  1.15620215e+00	
-9.24848883e-01	  1.53194752e-01	 -3.48117669e-01	 -1.56076672e-01	
-2.59629744e-02	 -9.38587137e-01	 -3.44064109e-01	  1.27324415e+00	
 0.00000000e+00	  0.00000000e+00	  0.00000000e+00	  1.00000000e+00	

