# Camera-to-camera extrinsic matrix (camera pose) from frame-000000 to frame-000007
 9.01974242e-01	  3.57149035e-02	 -4.30310251e-01	  1.59646952e-01	
-9.58896850e-02	  9.88256553e-01	 -1.18971227e-01	  4.15662380e-02	
 4.21007879e-01	  1.48571297e-01	  8.94806647e-01	  3.83347954e-02	
 0.00000000e+00	  0.00000000e+00	  0.00000000e+00	  1.00000000e+00	

# Camera-to-camera extrinsic matrix (camera pose) from frame-000001 to frame-000007
 9.74564803e-01	  2.16655083e-02	 -2.23056162e-01	  8.27076016e-02	
-5.79083398e-02	  9.85859046e-01	 -1.57253187e-01	  5.85067130e-02	
 2.16494965e-01	  1.66170233e-01	  9.62038141e-01	  1.45570896e-02	
 0.00000000e+00	  0.00000000e+00	  0.00000000e+00	  1.00000000e+00	

# Camera-to-camera extrinsic matrix (camera pose) from frame-000002 to frame-000007
 9.99979249e-01	  6.43086832e-03	 -3.80972793e-04	 -3.09099872e-04	
-6.40408138e-03	  9.85912387e-01	 -1.67139920e-01	  5.98323312e-02	
-6.99249022e-04	  1.67138892e-01	  9.85933112e-01	  5.92017965e-03	
 0.00000000e+00	  0.00000000e+00	  0.00000000e+00	  1.00000000e+00	

# Camera-to-camera extrinsic matrix (camera pose) from frame-000003 to frame-000007
 9.75005744e-01	 -4.66212259e-03	  2.22130734e-01	 -8.62357866e-02	
 4.36072867e-02	  9.84349432e-01	 -1.70747184e-01	  6.56376150e-02	
-2.17858218e-01	  1.76166003e-01	  9.59949653e-01	  1.84033502e-02	
 0.00000000e+00	  0.00000000e+00	  0.00000000e+00	  1.00000000e+00	

# Camera-to-camera extrinsic matrix (camera pose) from frame-000004 to frame-000007
 8.94961038e-01	 -1.67530927e-02	  4.45829647e-01	 -1.71864006e-01	
 9.70258397e-02	  9.82685815e-01	 -1.57843518e-01	  6.49942619e-02	
-4.35466102e-01	  1.84520794e-01	  8.81091000e-01	  4.82356568e-02	
 0.00000000e+00	  0.00000000e+00	  0.00000000e+00	  1.00000000e+00	

# Camera-to-camera extrinsic matrix (camera pose) from frame-000005 to frame-000007
 9.01662535e-01	 -9.29065965e-02	  4.22342323e-01	 -1.59715809e-01	
 9.61582454e-02	  9.95272456e-01	  1.36502758e-02	  2.29389167e-04	
-4.21613882e-01	  2.83037545e-02	  9.06333621e-01	  3.96393150e-02	
 0.00000000e+00	  0.00000000e+00	  0.00000000e+00	  1.00000000e+00	

# Camera-to-camera extrinsic matrix (camera pose) from frame-000006 to frame-000007
 9.75474946e-01	 -4.85807076e-02	  2.14682428e-01	 -8.12521346e-02	
 4.92301445e-02	  9.98784758e-01	  2.32388706e-03	 -3.35340143e-04	
-2.14534433e-01	  8.30195336e-03	  9.76681143e-01	  1.15458507e-02	
 0.00000000e+00	  0.00000000e+00	  0.00000000e+00	  1.00000000e+00	

# Camera-to-camera extrinsic matrix (camera pose) from frame-000007 to frame-000007
 1.00000000e+00	  0.00000000e+00	  0.00000000e+00	  0.00000000e+00	
 0.00000000e+00	  1.00000000e+00	  0.00000000e+00	  0.00000000e+00	
 0.00000000e+00	  0.00000000e+00	  1.00000000e+00	  0.00000000e+00	
 0.00000000e+00	  0.00000000e+00	  0.00000000e+00	  1.00000000e+00	

# Camera-to-camera extrinsic matrix (camera pose) from frame-000008 to frame-000007
 9.75869250e-01	  4.98507104e-02	 -2.12589070e-01	  7.75434443e-02	
-4.96492349e-02	  9.98746913e-01	  6.28951167e-03	  1.63558626e-04	
 2.12636214e-01	  4.41714366e-03	  9.77121451e-01	  7.89906340e-03	
 0.00000000e+00	  0.00000000e+00	  0.00000000e+00	  1.00000000e+00	

# Camera-to-camera extrinsic matrix (camera pose) from frame-000009 to frame-000007
 9.06499664e-01	  9.82272042e-02	 -4.10621208e-01	  1.50680963e-01	
-9.61434738e-02	  9.95033609e-01	  2.57788508e-02	 -3.38974754e-03	
 4.11114087e-01	  1.61100297e-02	  9.11441537e-01	  3.21444418e-02	
 0.00000000e+00	  0.00000000e+00	  0.00000000e+00	  1.00000000e+00	

# Camera-to-camera extrinsic matrix (camera pose) from frame-000010 to frame-000007
 9.02686858e-01	  1.62066998e-01	 -3.98610994e-01	  1.47147000e-01	
-8.48009451e-02	  9.75195681e-01	  2.04455821e-01	 -6.97032080e-02	
 4.21859261e-01	 -1.50756994e-01	  8.94039760e-01	  3.59647757e-02	
 0.00000000e+00	  0.00000000e+00	  0.00000000e+00	  1.00000000e+00	

# Camera-to-camera extrinsic matrix (camera pose) from frame-000011 to frame-000007
 9.75126383e-01	  7.77147005e-02	 -2.07578812e-01	  7.55741056e-02	
-3.95917050e-02	  9.82527402e-01	  1.81858189e-01	 -6.48367862e-02	
 2.18084926e-01	 -1.69116319e-01	  9.61165249e-01	  1.38361500e-02	
 0.00000000e+00	  0.00000000e+00	  0.00000000e+00	  1.00000000e+00	

# Camera-to-camera extrinsic matrix (camera pose) from frame-000012 to frame-000007
 9.99976252e-01	 -6.36138602e-03	 -2.65111060e-03	  4.99641656e-04	
 6.72498943e-03	  9.84799427e-01	  1.73565154e-01	 -6.17797934e-02	
 1.50669725e-03	 -1.73578861e-01	  9.84818820e-01	  5.26094426e-03	
 0.00000000e+00	  0.00000000e+00	  0.00000000e+00	  1.00000000e+00	

# Camera-to-camera extrinsic matrix (camera pose) from frame-000013 to frame-000007
 9.75160735e-01	 -8.72515181e-02	  2.03589569e-01	 -7.67426146e-02	
 5.09168907e-02	  9.82834233e-01	  1.77325520e-01	 -6.39298862e-02	
-2.15566719e-01	 -1.62554737e-01	  9.62863930e-01	  1.56269484e-02	
 0.00000000e+00	  0.00000000e+00	  0.00000000e+00	  1.00000000e+00	

# Camera-to-camera extrinsic matrix (camera pose) from frame-000014 to frame-000007
 9.02195120e-01	 -1.62081694e-01	  3.99716762e-01	 -1.50333838e-01	
 9.43173779e-02	  9.78417444e-01	  1.83857386e-01	 -6.24805831e-02	
-4.20889770e-01	 -1.28175000e-01	  8.98010563e-01	  4.23809769e-02	
 0.00000000e+00	  0.00000000e+00	  0.00000000e+00	  1.00000000e+00	

