# Camera-to-camera extrinsic matrix (camera pose) from frame-000000 to frame-000007
 8.98476293e-01	  2.45979981e-02	 -4.38332397e-01	  1.66427345e-01	
-1.08176815e-01	  9.80048936e-01	 -1.66738900e-01	  7.41938015e-02	
 4.25485756e-01	  1.97228351e-01	  8.83211667e-01	  3.97737409e-02	
 0.00000000e+00	  0.00000000e+00	  0.00000000e+00	  1.00000000e+00	

# Camera-to-camera extrinsic matrix (camera pose) from frame-000001 to frame-000007
 9.75470532e-01	  1.52229420e-02	 -2.19603059e-01	  8.11264007e-02	
-5.75697751e-02	  9.80527707e-01	 -1.87752861e-01	  7.82270185e-02	
 2.12468733e-01	  1.95789882e-01	  9.57352265e-01	  1.49537120e-02	
 0.00000000e+00	  0.00000000e+00	  0.00000000e+00	  1.00000000e+00	

# Camera-to-camera extrinsic matrix (camera pose) from frame-000002 to frame-000007
 9.99842415e-01	 -2.33683749e-03	 -1.75978376e-02	  8.35634941e-03	
-8.89517266e-04	  9.83458105e-01	 -1.81133553e-01	  7.10531378e-02	
 1.77300157e-02	  1.81120663e-01	  9.83301048e-01	  6.74622495e-03	
 0.00000000e+00	  0.00000000e+00	  0.00000000e+00	  1.00000000e+00	

# Camera-to-camera extrinsic matrix (camera pose) from frame-000003 to frame-000007
 9.66424202e-01	  1.03804315e-02	  2.56742104e-01	 -1.10427523e-01	
 2.62933205e-02	  9.89943595e-01	 -1.38997626e-01	  4.36554520e-02	
-2.55603057e-01	  1.41081272e-01	  9.56432513e-01	  1.90488924e-02	
 0.00000000e+00	  0.00000000e+00	  0.00000000e+00	  1.00000000e+00	

# Camera-to-camera extrinsic matrix (camera pose) from frame-000004 to frame-000007
 8.84244323e-01	  3.58882966e-03	  4.67010811e-01	 -1.92327224e-01	
 6.08066304e-02	  9.90573767e-01	 -1.22744307e-01	  4.15340885e-02	
-4.63049167e-01	  1.36933310e-01	  8.75691006e-01	  4.85810902e-02	
 0.00000000e+00	  0.00000000e+00	  0.00000000e+00	  1.00000000e+00	

# Camera-to-camera extrinsic matrix (camera pose) from frame-000005 to frame-000007
 9.03825708e-01	 -8.91564275e-02	  4.18509522e-01	 -1.58141954e-01	
 8.87240064e-02	  9.95844509e-01	  2.05369301e-02	 -3.18449986e-03	
-4.18601409e-01	  1.85700362e-02	  9.07980184e-01	  3.47342047e-02	
 0.00000000e+00	  0.00000000e+00	  0.00000000e+00	  1.00000000e+00	

# Camera-to-camera extrinsic matrix (camera pose) from frame-000006 to frame-000007
 9.75995040e-01	 -4.50976396e-02	  2.13072489e-01	 -8.18185497e-02	
 4.59845206e-02	  9.98941837e-01	  7.94353471e-04	  1.30189586e-03	
-2.12882847e-01	  9.02275124e-03	  9.77036071e-01	  9.17945203e-03	
 0.00000000e+00	  0.00000000e+00	  0.00000000e+00	  1.00000000e+00	

# Camera-to-camera extrinsic matrix (camera pose) from frame-000007 to frame-000007
 1.00000000e+00	  0.00000000e+00	  0.00000000e+00	  0.00000000e+00	
 0.00000000e+00	  1.00000000e+00	  0.00000000e+00	  0.00000000e+00	
 0.00000000e+00	  0.00000000e+00	  1.00000000e+00	  0.00000000e+00	
 0.00000000e+00	  0.00000000e+00	  0.00000000e+00	  1.00000000e+00	

# Camera-to-camera extrinsic matrix (camera pose) from frame-000008 to frame-000007
 9.76712545e-01	  5.23281497e-02	 -2.08072990e-01	  7.56139009e-02	
-5.09959009e-02	  9.98629555e-01	  1.17655865e-02	 -2.31734640e-03	
 2.08403509e-01	 -8.80726342e-04	  9.78042536e-01	  7.00097712e-03	
 0.00000000e+00	  0.00000000e+00	  0.00000000e+00	  1.00000000e+00	

# Camera-to-camera extrinsic matrix (camera pose) from frame-000009 to frame-000007
 9.08913555e-01	  1.05836711e-01	 -4.03329568e-01	  1.47095122e-01	
-9.96813598e-02	  9.94357327e-01	  3.62923314e-02	 -7.53778302e-03	
 4.04894772e-01	  7.21784779e-03	  9.14334800e-01	  2.84689736e-02	
 0.00000000e+00	  0.00000000e+00	  0.00000000e+00	  1.00000000e+00	

# Camera-to-camera extrinsic matrix (camera pose) from frame-000010 to frame-000007
 9.08352673e-01	  1.65568520e-01	 -3.84034487e-01	  1.43310303e-01	
-8.76199628e-02	  9.73256877e-01	  2.12352994e-01	 -7.46024915e-02	
 4.08923176e-01	 -1.59242322e-01	  8.98567593e-01	  3.28563560e-02	
 0.00000000e+00	  0.00000000e+00	  0.00000000e+00	  1.00000000e+00	

# Camera-to-camera extrinsic matrix (camera pose) from frame-000011 to frame-000007
 9.76985306e-01	  8.26098063e-02	 -1.96660448e-01	  7.15611851e-02	
-4.52750915e-02	  9.81264213e-01	  1.87271756e-01	 -6.94223142e-02	
 2.08446343e-01	 -1.74057934e-01	  9.62420884e-01	  1.18089181e-02	
 0.00000000e+00	  0.00000000e+00	  0.00000000e+00	  1.00000000e+00	

# Camera-to-camera extrinsic matrix (camera pose) from frame-000012 to frame-000007
 9.99983724e-01	 -5.67516319e-03	  5.86764712e-04	 -1.68998450e-03	
 5.47876775e-03	  9.83866620e-01	  1.78819625e-01	 -6.68154139e-02	
-1.59212876e-03	 -1.78813499e-01	  9.83881699e-01	  4.50242538e-03	
 0.00000000e+00	  0.00000000e+00	  0.00000000e+00	  1.00000000e+00	

# Camera-to-camera extrinsic matrix (camera pose) from frame-000013 to frame-000007
 9.75385732e-01	 -8.74702398e-02	  2.02414502e-01	 -7.76070775e-02	
 5.13435690e-02	  9.82817193e-01	  1.77296936e-01	 -6.39910958e-02	
-2.14444658e-01	 -1.62540219e-01	  9.63116902e-01	  1.42047418e-02	
 0.00000000e+00	  0.00000000e+00	  0.00000000e+00	  1.00000000e+00	

# Camera-to-camera extrinsic matrix (camera pose) from frame-000014 to frame-000007
 9.04327712e-01	 -1.64007092e-01	  3.94072410e-01	 -1.49795738e-01	
 9.70259643e-02	  9.78051747e-01	  1.84392901e-01	 -6.31526465e-02	
-4.15664952e-01	 -1.28516354e-01	  9.00392245e-01	  3.77977366e-02	
 0.00000000e+00	  0.00000000e+00	  0.00000000e+00	  1.00000000e+00	

