# Camera-to-camera extrinsic matrix (camera pose) from frame-000000 to frame-000007
 8.99520694e-01	  1.52862351e-02	 -4.36610641e-01	  1.60288002e-01	
-8.89651187e-02	  9.84856000e-01	 -1.48808157e-01	  6.32101398e-02	
 4.27723893e-01	  1.72699135e-01	  8.87258294e-01	  4.27666966e-02	
 0.00000000e+00	  0.00000000e+00	  0.00000000e+00	  1.00000000e+00	

# Camera-to-camera extrinsic matrix (camera pose) from frame-000001 to frame-000007
 9.74596166e-01	  1.49661024e-02	 -2.23468854e-01	  8.13718240e-02	
-5.66395711e-02	  9.81801995e-01	 -1.81264453e-01	  7.21553441e-02	
 2.16689344e-01	  1.89316821e-01	  9.57708134e-01	  1.56151146e-02	
 0.00000000e+00	  0.00000000e+00	  0.00000000e+00	  1.00000000e+00	

# Camera-to-camera extrinsic matrix (camera pose) from frame-000002 to frame-000007
 9.99993410e-01	  3.39670551e-03	  1.28168013e-03	 -1.97253781e-03	
-3.09915433e-03	  9.82555761e-01	 -1.85942387e-01	  6.94215231e-02	
-1.89091373e-03	  1.85937189e-01	  9.82559813e-01	  7.15595432e-03	
 0.00000000e+00	  0.00000000e+00	  0.00000000e+00	  1.00000000e+00	

# Camera-to-camera extrinsic matrix (camera pose) from frame-000003 to frame-000007
 9.77050513e-01	 -1.17938286e-02	  2.12680984e-01	 -7.76397976e-02	
 5.02612001e-02	  9.83037013e-01	 -1.76386062e-01	  6.41584005e-02	
-2.06993013e-01	  1.83027694e-01	  9.61069590e-01	  1.40564800e-02	
 0.00000000e+00	  0.00000000e+00	  0.00000000e+00	  1.00000000e+00	

# Camera-to-camera extrinsic matrix (camera pose) from frame-000004 to frame-000007
 8.97920999e-01	 -1.25176146e-02	  4.39978624e-01	 -1.64848336e-01	
 9.50693763e-02	  9.81516194e-01	 -1.66095678e-01	  6.21077015e-02	
-4.29767023e-01	  1.90969290e-01	  8.82514043e-01	  4.40903289e-02	
 0.00000000e+00	  0.00000000e+00	  0.00000000e+00	  1.00000000e+00	

# Camera-to-camera extrinsic matrix (camera pose) from frame-000005 to frame-000007
 9.04938237e-01	 -9.06201487e-02	  4.15782125e-01	 -1.53878824e-01	
 9.74667208e-02	  9.95227319e-01	  4.77722583e-03	  9.56782533e-04	
-4.14230643e-01	  3.62018260e-02	  9.09451704e-01	  3.67931647e-02	
 0.00000000e+00	  0.00000000e+00	  0.00000000e+00	  1.00000000e+00	

# Camera-to-camera extrinsic matrix (camera pose) from frame-000006 to frame-000007
 9.76525675e-01	 -5.05627349e-02	  2.09382463e-01	 -7.50613935e-02	
 5.35057356e-02	  9.98532115e-01	 -8.41144926e-03	  1.35286186e-03	
-2.08649808e-01	  1.94171589e-02	  9.77797644e-01	  7.50166200e-03	
 0.00000000e+00	  0.00000000e+00	  0.00000000e+00	  1.00000000e+00	

# Camera-to-camera extrinsic matrix (camera pose) from frame-000007 to frame-000007
 1.00000000e+00	  0.00000000e+00	  0.00000000e+00	  0.00000000e+00	
 0.00000000e+00	  1.00000000e+00	  0.00000000e+00	  0.00000000e+00	
 0.00000000e+00	  0.00000000e+00	  1.00000000e+00	  0.00000000e+00	
 0.00000000e+00	  0.00000000e+00	  0.00000000e+00	  1.00000000e+00	

# Camera-to-camera extrinsic matrix (camera pose) from frame-000008 to frame-000007
 9.73754304e-01	  4.37916696e-02	 -2.23349155e-01	  8.07298896e-02	
-4.20933372e-02	  9.99037208e-01	  1.23615379e-02	 -2.50231345e-03	
 2.23675449e-01	 -2.63558939e-03	  9.74660119e-01	  7.25422758e-03	
 0.00000000e+00	  0.00000000e+00	  0.00000000e+00	  1.00000000e+00	

# Camera-to-camera extrinsic matrix (camera pose) from frame-000009 to frame-000007
 9.04231193e-01	  8.84856627e-02	 -4.17775342e-01	  1.51333946e-01	
-8.21094390e-02	  9.96068444e-01	  3.32519874e-02	 -5.29903847e-03	
 4.19075159e-01	  4.23581470e-03	  9.07941666e-01	  2.89829387e-02	
 0.00000000e+00	  0.00000000e+00	  0.00000000e+00	  1.00000000e+00	

# Camera-to-camera extrinsic matrix (camera pose) from frame-000010 to frame-000007
 9.07905566e-01	  1.51769894e-01	 -3.90734414e-01	  1.39000388e-01	
-7.40106119e-02	  9.75547263e-01	  2.06954021e-01	 -6.47541180e-02	
 4.12589278e-01	 -1.58976215e-01	  8.96937373e-01	  3.13822671e-02	
 0.00000000e+00	  0.00000000e+00	  0.00000000e+00	  1.00000000e+00	

# Camera-to-camera extrinsic matrix (camera pose) from frame-000011 to frame-000007
 9.77106666e-01	  7.28533675e-02	 -1.99887342e-01	  6.80169060e-02	
-3.55252797e-02	  9.82221323e-01	  1.84334551e-01	 -6.16635045e-02	
 2.09763002e-01	 -1.73013465e-01	  9.62323139e-01	  9.93356626e-03	
 0.00000000e+00	  0.00000000e+00	  0.00000000e+00	  1.00000000e+00	

# Camera-to-camera extrinsic matrix (camera pose) from frame-000012 to frame-000007
 9.99964519e-01	 -8.41892792e-03	  2.88137632e-04	 -3.17451422e-03	
 8.23803966e-03	  9.84479272e-01	  1.75307439e-01	 -6.28718995e-02	
-1.75956622e-03	 -1.75298845e-01	  9.84513697e-01	  3.61575457e-03	
 0.00000000e+00	  0.00000000e+00	  0.00000000e+00	  1.00000000e+00	

# Camera-to-camera extrinsic matrix (camera pose) from frame-000013 to frame-000007
 9.74989104e-01	 -9.51527732e-02	  2.00853669e-01	 -7.42237950e-02	
 5.80044085e-02	  9.81337885e-01	  1.83334241e-01	 -6.53305654e-02	
-2.14550076e-01	 -1.67098489e-01	  9.62313026e-01	  1.35896722e-02	
 0.00000000e+00	  0.00000000e+00	  0.00000000e+00	  1.00000000e+00	

# Camera-to-camera extrinsic matrix (camera pose) from frame-000014 to frame-000007
 9.01219687e-01	 -1.65275267e-01	  4.00608489e-01	 -1.51731154e-01	
 9.47298539e-02	  9.77194515e-01	  1.90045087e-01	 -7.07097936e-02	
-4.22882170e-01	 -1.33322790e-01	  8.96323437e-01	  4.17255834e-02	
 0.00000000e+00	  0.00000000e+00	  0.00000000e+00	  1.00000000e+00	

